[gd_scene load_steps=13 format=3 uid="uid://bi278mgj4jaiy"]

[ext_resource type="Script" path="res://scenes/main.gd" id="1_i6lo6"]
[ext_resource type="Texture2D" uid="uid://dho4dnul5ihw4" path="res://textures/grass.png" id="1_l44ld"]
[ext_resource type="PackedScene" uid="uid://d1w6hpjscpvex" path="res://prefabs/player.tscn" id="2_yt01n"]
[ext_resource type="Texture2D" uid="uid://ceirurcp13cx4" path="res://textures/lroc_color_poles_2k.png" id="4_cxbam"]

[sub_resource type="StandardMaterial3D" id="StandardMaterial3D_gbhd0"]
albedo_texture = ExtResource("1_l44ld")
metallic_specular = 0.0
uv1_scale = Vector3(0.5, 0.5, 0.5)
uv1_triplanar = true
uv1_triplanar_sharpness = 1.25598
texture_filter = 1

[sub_resource type="SphereMesh" id="SphereMesh_cw82g"]
radius = 50.0
height = 100.0

[sub_resource type="SphereShape3D" id="SphereShape3D_phcjw"]
radius = 50.0

[sub_resource type="SphereShape3D" id="SphereShape3D_f8oyc"]
radius = 55.0989

[sub_resource type="StandardMaterial3D" id="StandardMaterial3D_umu5s"]
albedo_texture = ExtResource("4_cxbam")

[sub_resource type="SphereMesh" id="SphereMesh_6ee4p"]
radius = 15.0
height = 30.0
radial_segments = 32
rings = 64

[sub_resource type="PrismMesh" id="PrismMesh_teh41"]
size = Vector3(0.906, 0.962, 0.14)

[sub_resource type="Environment" id="Environment_mnk8o"]
background_mode = 1
ambient_light_energy = 0.07
fog_light_color = Color(0.53, 0.81, 0.92, 1)
fog_density = 0.03
volumetric_fog_density = 0.0

[node name="Main" type="Node3D"]
script = ExtResource("1_i6lo6")

[node name="MoonLight" type="DirectionalLight3D" parent="."]
visible = false
light_color = Color(0.168627, 0.423529, 0.839216, 1)
light_cull_mask = 4293918724

[node name="SunLight" type="DirectionalLight3D" parent="."]
transform = Transform3D(0.340411, 0.0135228, 0.94018, -0.368401, 0.921873, 0.120127, -0.865102, -0.387256, 0.318798, 24.65, 11.3743, 1.90735e-06)
sky_mode = 1

[node name="Planet" type="StaticBody3D" parent="."]

[node name="MeshInstance3D" type="MeshInstance3D" parent="Planet"]
material_override = SubResource("StandardMaterial3D_gbhd0")
mesh = SubResource("SphereMesh_cw82g")

[node name="CollisionShape3D" type="CollisionShape3D" parent="Planet"]
shape = SubResource("SphereShape3D_phcjw")

[node name="Area3D" type="Area3D" parent="Planet"]
gravity_space_override = 3
gravity_point = true
gravity_point_unit_distance = 15.0

[node name="CollisionShape3D" type="CollisionShape3D" parent="Planet/Area3D"]
shape = SubResource("SphereShape3D_f8oyc")

[node name="Camera3D" type="Camera3D" parent="."]
transform = Transform3D(0.728777, 0, 0.684751, 0, 1, 0, -0.684751, 0, 0.728777, 25.2119, 1.90735e-06, 70.9889)

[node name="Moon" type="MeshInstance3D" parent="."]
transform = Transform3D(-0.501223, 0.276313, -0.820017, 0.436182, 0.899124, 0.036361, 0.747345, -0.339451, -0.571184, -182.395, -33.3393, -283.6)
layers = 2
material_override = SubResource("StandardMaterial3D_umu5s")
mesh = SubResource("SphereMesh_6ee4p")

[node name="Player" parent="." instance=ExtResource("2_yt01n")]
transform = Transform3D(1, 0, 0, 0, -4.37114e-08, 1, 0, -1, -4.37114e-08, 13.673, 8.9556, 49.8118)

[node name="MeshInstance3D2" type="MeshInstance3D" parent="Player"]
transform = Transform3D(1, 0, 0, 0, -4.37114e-08, 1, 0, -1, -4.37114e-08, 0, 0, 0)
visible = false
mesh = SubResource("PrismMesh_teh41")

[node name="WorldEnvironment" type="WorldEnvironment" parent="."]
environment = SubResource("Environment_mnk8o")
